0
0.261799
0.523599
0.785398
1.047198
1.308997
0.5 * Pi
1.832596
2.094395
2.356194
2.617994
2.879793
Pi
3.403392
3.665191
3.926991
4.18879
4.45059
1.5 * Pi
4.974188
5.235988
5.497787
5.759587
6.021386
2.0 * Pi
0
0.273182
0.546364
0.819546
1.092728
1.36591
1.639092
1.912274
2.185456
2.458638
2.73182
3.005002
3.278184
3.551366
3.824548
4.09773
4.370912
4.644093
4.917275
5.190457
5.463639
5.736821
6.010003
2.0 * Pi
0
0.299199
0.598399
0.897598
1.196797
1.495997
1.795196
2.094395
2.393594
2.692794
2.991993
3.291192
3.590392
3.889591
4.18879
4.48799
4.787189
5.086388
5.385587
5.684787
5.983986
2.0 * Pi
0
0.369599
0.739198
1.108797
1.478397
1.847996
2.217595
2.587194
2.956793
3.326392
3.695991
4.06559
4.43519
4.804789
5.174388
5.543987
5.913586
2.0 * Pi
0
0.523599
1.047198
0.5 * Pi
2.094395
2.617994
Pi
3.665191
4.18879
1.5 * Pi
5.235988
5.759587
2.0 * Pi
0
1.047198
2.094395
Pi
4.18879
5.235988
2.0 * Pi